[TS0]
Alpha = 1.499563306245153882e+00
Delta = -1.116873990806361405e+00
h0 = 4.918367170996413556e-25
cosi = 9.055178669009289472e-02
psi = -7.572646652945490553e-01
transientWindowType = none
refTime = 1238170021.000000000
Freq = 9.979134171502154516e+01
f1dot = -1.000000000000000036e-10
f2dot = 0.000000000000000000e+00
phi0 = 3.151710524991392592e+00
