[TS0]
Alpha = 8.858458209803529160e-01
Delta = 1.090638995974076320e+00
h0 = 4.809825366164617660e-25
cosi = 6.960252859053066565e-01
psi = -6.580781563538138368e-01
transientWindowType = none
refTime = 1238170021.000000000
Freq = 1.000000000000000000e+02
f1dot = -1.000000000000000036e-10
f2dot = 0.000000000000000000e+00
phi0 = 2.144783615671644217e+00
